passwords:[
64 69 64 20 79 6f 75 20 74 68 69 6e 6b 20 69 74 20 77 6f 75 6c 64 20 62 65 20 74 68 61 74 20 65 61 73 79 0a ,
64 69 64 20 79 6f 75 20 74 68 69 6e 6b 20 69 74 20 77 6f 75 6c 64 20 62 65 20 74 68 61 74 20 65 61 73 79 0a ,
64 69 64 20 79 6f 75 20 74 68 69 6e 6b 20 69 74 20 77 6f 75 6c 64 20 62 65 20 74 68 61 74 20 65 61 73 79 0a ,
64 69 64 20 79 6f 75 20 74 68 69 6e 6b 20 69 74 20 77 6f 75 6c 64 20 62 65 20 74 68 61 74 20 65 61 73 79 0a ,
64 69 64 20 79 6f 75 20 74 68 69 6e 6b 20 69 74 20 77 6f 75 6c 64 20 62 65 20 74 68 61 74 20 65 61 73 79 0a ,
64 69 64 20 79 6f 75 20 74 68 69 6e 6b 20 69 74 20 77 6f 75 6c 64 20 62 65 20 74 68 61 74 20 65 61 73 79 0a ,
64 69 64 20 79 6f 75 20 74 68 69 6e 6b 20 69 74 20 77 6f 75 6c 64 20 62 65 20 74 68 61 74 20 65 61 73 79 0a ,
64 69 64 20 79 6f 75 20 74 68 69 6e 6b 20 69 74 20 77 6f 75 6c 64 20 62 65 20 74 68 61 74 20 65 61 73 79 0a ,
64 69 64 20 79 6f 75 20 74 68 69 6e 6b 20 69 74 20 77 6f 75 6c 64 20 62 65 20 74 68 61 74 20 65 61 73 79 0a ,
64 69 64 20 79 6f 75 20 74 68 69 6e 6b 20 69 74 20 77 6f 75 6c 64 20 62 65 20 74 68 61 74 20 65 61 73 79 0a ,
64 69 64 20 79 6f 75 20 74 68 69 6e 6b 20 69 74 20 77 6f 75 6c 64 20 62 65 20 74 68 61 74 20 65 61 73 79 0a ,
64 69 64 20 79 6f 75 20 74 68 69 6e 6b 20 69 74 20 77 6f 75 6c 64 20 62 65 20 74 68 61 74 20 65 61 73 79 0a ,
64 69 64 20 79 6f 75 20 74 68 69 6e 6b 20 69 74 20 77 6f 75 6c 64 20 62 65 20 74 68 61 74 20 65 61 73 79 0a ,
64 69 64 20 79 6f 75 20 74 68 69 6e 6b 20 69 74 20 77 6f 75 6c 64 20 62 65 20 74 68 61 74 20 65 61 73 79 0a ,
64 69 64 20 79 6f 75 20 74 68 69 6e 6b 20 69 74 20 77 6f 75 6c 64 20 62 65 20 74 68 61 74 20 65 61 73 79 0a ,
64 69 64 20 79 6f 75 20 74 68 69 6e 6b 20 69 74 20 77 6f 75 6c 64 20 62 65 20 74 68 61 74 20 65 61 73 79 0a ,
64 69 64 20 79 6f 75 20 74 68 69 6e 6b 20 69 74 20 77 6f 75 6c 64 20 62 65 20 74 68 61 74 20 65 61 73 79 0a ,
64 69 64 20 79 6f 75 20 74 68 69 6e 6b 20 69 74 20 77 6f 75 6c 64 20 62 65 20 74 68 61 74 20 65 61 73 79 0a ,
64 69 64 20 79 6f 75 20 74 68 69 6e 6b 20 69 74 20 77 6f 75 6c 64 20 62 65 20 74 68 61 74 20 65 61 73 79 0a ,
64 69 64 20 79 6f 75 20 74 68 69 6e 6b 20 69 74 20 77 6f 75 6c 64 20 62 65 20 74 68 61 74 20 65 61 73 79 0a ,
64 69 64 20 79 6f 75 20 74 68 69 6e 6b 20 69 74 20 77 6f 75 6c 64 20 62 65 20 74 68 61 74 20 65 61 73 79 0a ,
64 69 64 20 79 6f 75 20 74 68 69 6e 6b 20 69 74 20 77 6f 75 6c 64 20 62 65 20 74 68 61 74 20 65 61 73 79 0a ,
64 69 64 20 79 6f 75 20 74 68 69 6e 6b 20 69 74 20 77 6f 75 6c 64 20 62 65 20 74 68 61 74 20 65 61 73 79 0a ,
64 69 64 20 79 6f 75 20 74 68 69 6e 6b 20 69 74 20 77 6f 75 6c 64 20 62 65 20 74 68 61 74 20 65 61 73 79 0a ,
64 69 64 20 79 6f 75 20 74 68 69 6e 6b 20 69 74 20 77 6f 75 6c 64 20 62 65 20 74 68 61 74 20 65 61 73 79 0a ,
64 69 64 20 79 6f 75 20 74 68 69 6e 6b 20 69 74 20 77 6f 75 6c 64 20 62 65 20 74 68 61 74 20 65 61 73 79 0a ,
64 69 64 20 79 6f 75 20 74 68 69 6e 6b 20 69 74 20 77 6f 75 6c 64 20 62 65 20 74 68 61 74 20 65 61 73 79 0a ,
64 69 64 20 79 6f 75 20 74 68 69 6e 6b 20 69 74 20 77 6f 75 6c 64 20 62 65 20 74 68 61 74 20 65 61 73 79 0a ,
64 69 64 20 79 6f 75 20 74 68 69 6e 6b 20 69 74 20 77 6f 75 6c 64 20 62 65 20 74 68 61 74 20 65 61 73 79 0a ,
64 69 64 20 79 6f 75 20 74 68 69 6e 6b 20 69 74 20 77 6f 75 6c 64 20 62 65 20 74 68 61 74 20 65 61 73 79 0a ,
64 69 64 20 79 6f 75 20 74 68 69 6e 6b 20 69 74 20 77 6f 75 6c 64 20 62 65 20 74 68 61 74 20 65 61 73 79 0a ,
64 69 64 20 79 6f 75 20 74 68 69 6e 6b 20 69 74 20 77 6f 75 6c 64 20 62 65 20 74 68 61 74 20 65 61 73 79 0a ,
64 69 64 20 79 6f 75 20 74 68 69 6e 6b 20 69 74 20 77 6f 75 6c 64 20 62 65 20 74 68 61 74 20 65 61 73 79 0a ,
64 69 64 20 79 6f 75 20 74 68 69 6e 6b 20 69 74 20 77 6f 75 6c 64 20 62 65 20 74 68 61 74 20 65 61 73 79 0a ,
64 69 64 20 79 6f 75 20 74 68 69 6e 6b 20 69 74 20 77 6f 75 6c 64 20 62 65 20 74 68 61 74 20 65 61 73 79 0a ,
64 69 64 20 79 6f 75 20 74 68 69 6e 6b 20 69 74 20 77 6f 75 6c 64 20 62 65 20 74 68 61 74 20 65 61 73 79 0a ,
64 69 64 20 79 6f 75 20 74 68 69 6e 6b 20 69 74 20 77 6f 75 6c 64 20 62 65 20 74 68 61 74 20 65 61 73 79 0a ,
64 69 64 20 79 6f 75 20 74 68 69 6e 6b 20 69 74 20 77 6f 75 6c 64 20 62 65 20 74 68 61 74 20 65 61 73 79 0a ,
64 69 64 20 79 6f 75 20 74 68 69 6e 6b 20 69 74 20 77 6f 75 6c 64 20 62 65 20 74 68 61 74 20 65 61 73 79 0a ,
64 69 64 20 79 6f 75 20 74 68 69 6e 6b 20 69 74 20 77 6f 75 6c 64 20 62 65 20 74 68 61 74 20 65 61 73 79 0a ,
64 69 64 20 79 6f 75 20 74 68 69 6e 6b 20 69 74 20 77 6f 75 6c 64 20 62 65 20 74 68 61 74 20 65 61 73 79 0a ,
64 69 64 20 79 6f 75 20 74 68 69 6e 6b 20 69 74 20 77 6f 75 6c 64 20 62 65 20 74 68 61 74 20 65 61 73 79 0a ,
64 69 64 20 79 6f 75 20 74 68 69 6e 6b 20 69 74 20 77 6f 75 6c 64 20 62 65 20 74 68 61 74 20 65 61 73 79 0a ,
64 69 64 20 79 6f 75 20 74 68 69 6e 6b 20 69 74 20 77 6f 75 6c 64 20 62 65 20 74 68 61 74 20 65 61 73 79 0a ,
64 69 64 20 79 6f 75 20 74 68 69 6e 6b 20 69 74 20 77 6f 75 6c 64 20 62 65 20 74 68 61 74 20 65 61 73 79 0a ,
64 69 64 20 79 6f 75 20 74 68 69 6e 6b 20 69 74 20 77 6f 75 6c 64 20 62 65 20 74 68 61 74 20 65 61 73 79 0a ,
64 69 64 20 79 6f 75 20 74 68 69 6e 6b 20 69 74 20 77 6f 75 6c 64 20 62 65 20 74 68 61 74 20 65 61 73 79 0a ,
64 69 64 20 79 6f 75 20 74 68 69 6e 6b 20 69 74 20 77 6f 75 6c 64 20 62 65 20 74 68 61 74 20 65 61 73 79 0a ,
64 69 64 20 79 6f 75 20 74 68 69 6e 6b 20 69 74 20 77 6f 75 6c 64 20 62 65 20 74 68 61 74 20 65 61 73 79 0a ,
64 69 64 20 79 6f 75 20 74 68 69 6e 6b 20 69 74 20 77 6f 75 6c 64 20 62 65 20 74 68 61 74 20 65 61 73 79 0a ,
64 69 64 20 79 6f 75 20 74 68 69 6e 6b 20 69 74 20 77 6f 75 6c 64 20 62 65 20 74 68 61 74 20 65 61 73 79 0a ,
64 69 64 20 79 6f 75 20 74 68 69 6e 6b 20 69 74 20 77 6f 75 6c 64 20 62 65 20 74 68 61 74 20 65 61 73 79 0a ,
64 69 64 20 79 6f 75 20 74 68 69 6e 6b 20 69 74 20 77 6f 75 6c 64 20 62 65 20 74 68 61 74 20 65 61 73 79 0a ,
64 69 64 20 79 6f 75 20 74 68 69 6e 6b 20 69 74 20 77 6f 75 6c 64 20 62 65 20 74 68 61 74 20 65 61 73 79 0a ,
64 69 64 20 79 6f 75 20 74 68 69 6e 6b 20 69 74 20 77 6f 75 6c 64 20 62 65 20 74 68 61 74 20 65 61 73 79 0a ,
64 69 64 20 79 6f 75 20 74 68 69 6e 6b 20 69 74 20 77 6f 75 6c 64 20 62 65 20 74 68 61 74 20 65 61 73 79 0a ,
64 69 64 20 79 6f 75 20 74 68 69 6e 6b 20 69 74 20 77 6f 75 6c 64 20 62 65 20 74 68 61 74 20 65 61 73 79 0a ,
64 69 64 20 79 6f 75 20 74 68 69 6e 6b 20 69 74 20 77 6f 75 6c 64 20 62 65 20 74 68 61 74 20 65 61 73 79 0a ,
64 69 64 20 79 6f 75 20 74 68 69 6e 6b 20 69 74 20 77 6f 75 6c 64 20 62 65 20 74 68 61 74 20 65 61 73 79 0a ,
64 69 64 20 79 6f 75 20 74 68 69 6e 6b 20 69 74 20 77 6f 75 6c 64 20 62 65 20 74 68 61 74 20 65 61 73 79 0a ,
64 69 64 20 79 6f 75 20 74 68 69 6e 6b 20 69 74 20 77 6f 75 6c 64 20 62 65 20 74 68 61 74 20 65 61 73 79 0a ,
64 69 64 20 79 6f 75 20 74 68 69 6e 6b 20 69 74 20 77 6f 75 6c 64 20 62 65 20 74 68 61 74 20 65 61 73 79 0a ,
64 69 64 20 79 6f 75 20 74 68 69 6e 6b 20 69 74 20 77 6f 75 6c 64 20 62 65 20 74 68 61 74 20 65 61 73 79 0a ,
64 69 64 20 79 6f 75 20 74 68 69 6e 6b 20 69 74 20 77 6f 75 6c 64 20 62 65 20 74 68 61 74 20 65 61 73 79 0a ,
64 69 64 20 79 6f 75 20 74 68 69 6e 6b 20 69 74 20 77 6f 75 6c 64 20 62 65 20 74 68 61 74 20 65 61 73 79 0a ,
64 69 64 20 79 6f 75 20 74 68 69 6e 6b 20 69 74 20 77 6f 75 6c 64 20 62 65 20 74 68 61 74 20 65 61 73 79 0a ,
64 69 64 20 79 6f 75 20 74 68 69 6e 6b 20 69 74 20 77 6f 75 6c 64 20 62 65 20 74 68 61 74 20 65 61 73 79 0a ,
64 69 64 20 79 6f 75 20 74 68 69 6e 6b 20 69 74 20 77 6f 75 6c 64 20 62 65 20 74 68 61 74 20 65 61 73 79 0a ,
64 69 64 20 79 6f 75 20 74 68 69 6e 6b 20 69 74 20 77 6f 75 6c 64 20 62 65 20 74 68 61 74 20 65 61 73 79 0a ,
64 69 64 20 79 6f 75 20 74 68 69 6e 6b 20 69 74 20 77 6f 75 6c 64 20 62 65 20 74 68 61 74 20 65 61 73 79 0a ,
64 69 64 20 79 6f 75 20 74 68 69 6e 6b 20 69 74 20 77 6f 75 6c 64 20 62 65 20 74 68 61 74 20 65 61 73 79 0a ,
64 69 64 20 79 6f 75 20 74 68 69 6e 6b 20 69 74 20 77 6f 75 6c 64 20 62 65 20 74 68 61 74 20 65 61 73 79 0a ,
64 69 64 20 79 6f 75 20 74 68 69 6e 6b 20 69 74 20 77 6f 75 6c 64 20 62 65 20 74 68 61 74 20 65 61 73 79 0a ,
64 69 64 20 79 6f 75 20 74 68 69 6e 6b 20 69 74 20 77 6f 75 6c 64 20 62 65 20 74 68 61 74 20 65 61 73 79 0a ,
64 69 64 20 79 6f 75 20 74 68 69 6e 6b 20 69 74 20 77 6f 75 6c 64 20 62 65 20 74 68 61 74 20 65 61 73 79 0a ,
64 69 64 20 79 6f 75 20 74 68 69 6e 6b 20 69 74 20 77 6f 75 6c 64 20 62 65 20 74 68 61 74 20 65 61 73 79 0a ,
64 69 64 20 79 6f 75 20 74 68 69 6e 6b 20 69 74 20 77 6f 75 6c 64 20 62 65 20 74 68 61 74 20 65 61 73 79 0a ,
64 69 64 20 79 6f 75 20 74 68 69 6e 6b 20 69 74 20 77 6f 75 6c 64 20 62 65 20 74 68 61 74 20 65 61 73 79 0a ,
64 69 64 20 79 6f 75 20 74 68 69 6e 6b 20 69 74 20 77 6f 75 6c 64 20 62 65 20 74 68 61 74 20 65 61 73 79 0a ,
64 69 64 20 79 6f 75 20 74 68 69 6e 6b 20 69 74 20 77 6f 75 6c 64 20 62 65 20 74 68 61 74 20 65 61 73 79 0a ,
64 69 64 20 79 6f 75 20 74 68 69 6e 6b 20 69 74 20 77 6f 75 6c 64 20 62 65 20 74 68 61 74 20 65 61 73 79 0a ,
64 69 64 20 79 6f 75 20 74 68 69 6e 6b 20 69 74 20 77 6f 75 6c 64 20 62 65 20 74 68 61 74 20 65 61 73 79 0a ,
64 69 64 20 79 6f 75 20 74 68 69 6e 6b 20 69 74 20 77 6f 75 6c 64 20 62 65 20 74 68 61 74 20 65 61 73 79 0a ,
64 69 64 20 79 6f 75 20 74 68 69 6e 6b 20 69 74 20 77 6f 75 6c 64 20 62 65 20 74 68 61 74 20 65 61 73 79 0a ,
64 69 64 20 79 6f 75 20 74 68 69 6e 6b 20 69 74 20 77 6f 75 6c 64 20 62 65 20 74 68 61 74 20 65 61 73 79 0a ,
64 69 64 20 79 6f 75 20 74 68 69 6e 6b 20 69 74 20 77 6f 75 6c 64 20 62 65 20 74 68 61 74 20 65 61 73 79 0a ,
64 69 64 20 79 6f 75 20 74 68 69 6e 6b 20 69 74 20 77 6f 75 6c 64 20 62 65 20 74 68 61 74 20 65 61 73 79 0a ,
64 69 64 20 79 6f 75 20 74 68 69 6e 6b 20 69 74 20 77 6f 75 6c 64 20 62 65 20 74 68 61 74 20 65 61 73 79 0a ,
64 69 64 20 79 6f 75 20 74 68 69 6e 6b 20 69 74 20 77 6f 75 6c 64 20 62 65 20 74 68 61 74 20 65 61 73 79 0a ,
64 69 64 20 79 6f 75 20 74 68 69 6e 6b 20 69 74 20 77 6f 75 6c 64 20 62 65 20 74 68 61 74 20 65 61 73 79 0a ,
64 69 64 20 79 6f 75 20 74 68 69 6e 6b 20 69 74 20 77 6f 75 6c 64 20 62 65 20 74 68 61 74 20 65 61 73 79 0a ,
64 69 64 20 79 6f 75 20 74 68 69 6e 6b 20 69 74 20 77 6f 75 6c 64 20 62 65 20 74 68 61 74 20 65 61 73 79 0a ,
64 69 64 20 79 6f 75 20 74 68 69 6e 6b 20 69 74 20 77 6f 75 6c 64 20 62 65 20 74 68 61 74 20 65 61 73 79 0a, 
64 69 64 20 79 6f 75 20 74 68 69 6e 6b 20 69 74 20 77 6f 75 6c 64 20 62 65 20 74 68 61 74 20 65 61 73 79 0a ]
64 69 64 20 79 6f 75 20 74 68 69 6e 6b 20 69 74 20 77 6f 75 6c 64 20 62 65 20 74 68 61 74 20 65 61 73 79 0a 
64 69 64 20 79 6f 75 20 74 68 69 6e 6b 20 69 74 20 77 6f 75 6c 64 20 62 65 20 74 68 61 74 20 65 61 73 79 0a 
64 69 64 20 79 6f 75 20 74 68 69 6e 6b 20 69 74 20 77 6f 75 6c 64 20 62 65 20 74 68 61 74 20 65 61 73 79 0a 
64 69 64 20 79 6f 75 20 74 68 69 6e 6b 20 69 74 20 77 6f 75 6c 64 20 62 65 20 74 68 61 74 20 65 61 73 79 0a 
64 69 64 20 79 6f 75 20 74 68 69 6e 6b 20 69 74 20 77 6f 75 6c 64 20 62 65 20 74 68 61 74 20 65 61 73 79 0a 
64 69 64 20 79 6f 75 20 74 68 69 6e 6b 20 69 74 20 77 6f 75 6c 64 20 62 65 20 74 68 61 74 20 65 61 73 79 0a 
64 69 64 20 79 6f 75 20 74 68 69 6e 6b 20 69 74 20 77 6f 75 6c 64 20 62 65 20 74 68 61 74 20 65 61 73 79 0a 
64 69 64 20 79 6f 75 20 74 68 69 6e 6b 20 69 74 20 77 6f 75 6c 64 20 62 65 20 74 68 61 74 20 65 61 73 79 0a 
64 69 64 20 79 6f 75 20 74 68 69 6e 6b 20 69 74 20 77 6f 75 6c 64 20 62 65 20 74 68 61 74 20 65 61 73 79 0a 
64 69 64 20 79 6f 75 20 74 68 69 6e 6b 20 69 74 20 77 6f 75 6c 64 20 62 65 20 74 68 61 74 20 65 61 73 79 0a 
64 69 64 20 79 6f 75 20 74 68 69 6e 6b 20 69 74 20 77 6f 75 6c 64 20 62 65 20 74 68 61 74 20 65 61 73 79 0a 
64 69 64 20 79 6f 75 20 74 68 69 6e 6b 20 69 74 20 77 6f 75 6c 64 20 62 65 20 74 68 61 74 20 65 61 73 79 0a 
64 69 64 20 79 6f 75 20 74 68 69 6e 6b 20 69 74 20 77 6f 75 6c 64 20 62 65 20 74 68 61 74 20 65 61 73 79 0a 
64 69 64 20 79 6f 75 20 74 68 69 6e 6b 20 69 74 20 77 6f 75 6c 64 20 62 65 20 74 68 61 74 20 65 61 73 79 0a 
64 69 64 20 79 6f 75 20 74 68 69 6e 6b 20 69 74 20 77 6f 75 6c 64 20 62 65 20 74 68 61 74 20 65 61 73 79 0a 
64 69 64 20 79 6f 75 20 74 68 69 6e 6b 20 69 74 20 77 6f 75 6c 64 20 62 65 20 74 68 61 74 20 65 61 73 79 0a 
64 69 64 20 79 6f 75 20 74 68 69 6e 6b 20 69 74 20 77 6f 75 6c 64 20 62 65 20 74 68 61 74 20 65 61 73 79 0a 
64 69 64 20 79 6f 75 20 74 68 69 6e 6b 20 69 74 20 77 6f 75 6c 64 20 62 65 20 74 68 61 74 20 65 61 73 79 0a 
64 69 64 20 79 6f 75 20 74 68 69 6e 6b 20 69 74 20 77 6f 75 6c 64 20 62 65 20 74 68 61 74 20 65 61 73 79 0a 
64 69 64 20 79 6f 75 20 74 68 69 6e 6b 20 69 74 20 77 6f 75 6c 64 20 62 65 20 74 68 61 74 20 65 61 73 79 0a 
64 69 64 20 79 6f 75 20 74 68 69 6e 6b 20 69 74 20 77 6f 75 6c 64 20 62 65 20 74 68 61 74 20 65 61 73 79 0a 
64 69 64 20 79 6f 75 20 74 68 69 6e 6b 20 69 74 20 77 6f 75 6c 64 20 62 65 20 74 68 61 74 20 65 61 73 79 0a 
64 69 64 20 79 6f 75 20 74 68 69 6e 6b 20 69 74 20 77 6f 75 6c 64 20 62 65 20 74 68 61 74 20 65 61 73 79 0a 
64 69 64 20 79 6f 75 20 74 68 69 6e 6b 20 69 74 20 77 6f 75 6c 64 20 62 65 20 74 68 61 74 20 65 61 73 79 0a 
64 69 64 20 79 6f 75 20 74 68 69 6e 6b 20 69 74 20 77 6f 75 6c 64 20 62 65 20 74 68 61 74 20 65 61 73 79 0a 
64 69 64 20 79 6f 75 20 74 68 69 6e 6b 20 69 74 20 77 6f 75 6c 64 20 62 65 20 74 68 61 74 20 65 61 73 79 0a 
64 69 64 20 79 6f 75 20 74 68 69 6e 6b 20 69 74 20 77 6f 75 6c 64 20 62 65 20 74 68 61 74 20 65 61 73 79 0a 
64 69 64 20 79 6f 75 20 74 68 69 6e 6b 20 69 74 20 77 6f 75 6c 64 20 62 65 20 74 68 61 74 20 65 61 73 79 0a 
64 69 64 20 79 6f 75 20 74 68 69 6e 6b 20 69 74 20 77 6f 75 6c 64 20 62 65 20 74 68 61 74 20 65 61 73 79 0a 
64 69 64 20 79 6f 75 20 74 68 69 6e 6b 20 69 74 20 77 6f 75 6c 64 20 62 65 20 74 68 61 74 20 65 61 73 79 0a 
64 69 64 20 79 6f 75 20 74 68 69 6e 6b 20 69 74 20 77 6f 75 6c 64 20 62 65 20 74 68 61 74 20 65 61 73 79 0a 
64 69 64 20 79 6f 75 20 74 68 69 6e 6b 20 69 74 20 77 6f 75 6c 64 20 62 65 20 74 68 61 74 20 65 61 73 79 0a 
64 69 64 20 79 6f 75 20 74 68 69 6e 6b 20 69 74 20 77 6f 75 6c 64 20 62 65 20 74 68 61 74 20 65 61 73 79 0a 
64 69 64 20 79 6f 75 20 74 68 69 6e 6b 20 69 74 20 77 6f 75 6c 64 20 62 65 20 74 68 61 74 20 65 61 73 79 0a 
64 69 64 20 79 6f 75 20 74 68 69 6e 6b 20 69 74 20 77 6f 75 6c 64 20 62 65 20 74 68 61 74 20 65 61 73 79 0a 
64 69 64 20 79 6f 75 20 74 68 69 6e 6b 20 69 74 20 77 6f 75 6c 64 20 62 65 20 74 68 61 74 20 65 61 73 79 0a 
64 69 64 20 79 6f 75 20 74 68 69 6e 6b 20 69 74 20 77 6f 75 6c 64 20 62 65 20 74 68 61 74 20 65 61 73 79 0a 
64 69 64 20 79 6f 75 20 74 68 69 6e 6b 20 69 74 20 77 6f 75 6c 64 20 62 65 20 74 68 61 74 20 65 61 73 79 0a 
64 69 64 20 79 6f 75 20 74 68 69 6e 6b 20 69 74 20 77 6f 75 6c 64 20 62 65 20 74 68 61 74 20 65 61 73 79 0a 
64 69 64 20 79 6f 75 20 74 68 69 6e 6b 20 69 74 20 77 6f 75 6c 64 20 62 65 20 74 68 61 74 20 65 61 73 79 0a 
64 69 64 20 79 6f 75 20 74 68 69 6e 6b 20 69 74 20 77 6f 75 6c 64 20 62 65 20 74 68 61 74 20 65 61 73 79 0a 
64 69 64 20 79 6f 75 20 74 68 69 6e 6b 20 69 74 20 77 6f 75 6c 64 20 62 65 20 74 68 61 74 20 65 61 73 79 0a 
64 69 64 20 79 6f 75 20 74 68 69 6e 6b 20 69 74 20 77 6f 75 6c 64 20 62 65 20 74 68 61 74 20 65 61 73 79 0a 
64 69 64 20 79 6f 75 20 74 68 69 6e 6b 20 69 74 20 77 6f 75 6c 64 20 62 65 20 74 68 61 74 20 65 61 73 79 0a 
64 69 64 20 79 6f 75 20 74 68 69 6e 6b 20 69 74 20 77 6f 75 6c 64 20 62 65 20 74 68 61 74 20 65 61 73 79 0a 
64 69 64 20 79 6f 75 20 74 68 69 6e 6b 20 69 74 20 77 6f 75 6c 64 20 62 65 20 74 68 61 74 20 65 61 73 79 0a 
64 69 64 20 79 6f 75 20 74 68 69 6e 6b 20 69 74 20 77 6f 75 6c 64 20 62 65 20 74 68 61 74 20 65 61 73 79 0a 
64 69 64 20 79 6f 75 20 74 68 69 6e 6b 20 69 74 20 77 6f 75 6c 64 20 62 65 20 74 68 61 74 20 65 61 73 79 0a 
64 69 64 20 79 6f 75 20 74 68 69 6e 6b 20 69 74 20 77 6f 75 6c 64 20 62 65 20 74 68 61 74 20 65 61 73 79 0a 
64 69 64 20 79 6f 75 20 74 68 69 6e 6b 20 69 74 20 77 6f 75 6c 64 20 62 65 20 74 68 61 74 20 65 61 73 79 0a 
64 69 64 20 79 6f 75 20 74 68 69 6e 6b 20 69 74 20 77 6f 75 6c 64 20 62 65 20 74 68 61 74 20 65 61 73 79 0a 
64 69 64 20 79 6f 75 20 74 68 69 6e 6b 20 69 74 20 77 6f 75 6c 64 20 62 65 20 74 68 61 74 20 65 61 73 79 0a 
64 69 64 20 79 6f 75 20 74 68 69 6e 6b 20 69 74 20 77 6f 75 6c 64 20 62 65 20 74 68 61 74 20 65 61 73 79 0a 
64 69 64 20 79 6f 75 20 74 68 69 6e 6b 20 69 74 20 77 6f 75 6c 64 20 62 65 20 74 68 61 74 20 65 61 73 79 0a 
64 69 64 20 79 6f 75 20 74 68 69 6e 6b 20 69 74 20 77 6f 75 6c 64 20 62 65 20 74 68 61 74 20 65 61 73 79 0a 